INTEL=[36.599998
36.41
36.349998
36.48
36.610001
36.540001
36.950001
36.709999
36.790001
36.799999
36.759998
36.57
36.939999
36.77
37.619999
37.799999
37.560001
37.98
37.419998
36.82
36.52
36.68
36.52
36.27
36.349998
36.380001
35.459999
35.34
35.799999
35.93
36.049999
36.41
36.48
36.52
36.07
36.18
36.529999
36.509998
36.200001
35.93
35.91
35.900002
35.57
35.799999
35.619999
35.82
35.91
35.16
35.18
35.099998
35.139999
35.27
35.43
35.040001
35.369999
35.27
35.16
35.389999
35.599998
35.57
35.75
36.07
36.16
36.279999
36.220001
36.029999
36.029999
35.799999
35.740002
35.630001
35.25
35.48
35.77
35.91
36.18
36.32
36.75
36.869999
36.93
37.43
36.150002
36.310001
36.970001
36.98
36.849998
36.82
36.540001
36.369999
36.009998
35.689999
35.529999
35.630001
35.82
35.040001
35.220001
35.400002
35.77
35.860001
36.119999
36.259998
36.259998
36.18
36.110001
36.119999
36.32
36.34
36.130001
36.259998
36.48
35.709999
35.73
35.880001
35.529999
35.310001
35.209999
35.509998
34.860001
34.580002
34.360001
34.189999
34.07
33.650002
34.200001
33.540001
33.740002
33.459999
34.34
33.630001
33.880001
33.650002
33.919998
34.25
34.240002
34.68
34.470001
34.529999
34.560001
34.75
34.73
34.5
34.669998
34.75
34.970001
35.310001
35.470001
36.349998
36.639999
36.490002
36.299999
36.43
36.41
36.59
36.139999
35.869999
36.34
36
35.810001
35.169998
35.009998
34.919998
34.650002
34.66
34.709999
34.669998
34.650002
34.73
34.889999
35.07
35.09
35.02
35.759998
35.540001
35.189999
35.77
36.09
36.330002
36.48
37
37
37.23
37.07
37.200001
37.18
37.16
37.470001
37.540001
37.830002
38.080002
39.040001
39.380001
39.34
39.529999
39.630001
39.860001
39.650002
39.299999
39.189999
39.669998
39.759998
39.790001
40.25
40.09
40.43
40.830002
40.950001
40.779999
41.349998
44.400002
44.369999
45.490002
46.709999
47.099998
46.34
46.700001
46.779999
46.700001
46.299999
45.580002
45.75
45.860001
45.459999
45.650002
44.630001
44.619999
44.939999
44.650002
44.75
44.490002
44.73
43.950001
44.84
44.68
44.490002
43.439999
43.450001
43.080002
43.349998
43.66
43.330002
43.34
43.259998
44.560001
46.259998
47.040001
47.560001
46.759998
46.700001
46.080002
46.110001
46.220001
46.16
46.849998
45.259998
44.43
44.740002
44.740002
43.619999
42.5
43.41
43.240002
43.139999
44.389999
44.48
44.82
45.75
46.060001
45.509998
45.299999
50.080002
49.98
48.790001
48.139999
47.650002
46.150002
44.52
44.91
45.200001
42.75
43.950001
44.830002
44.459999
45.380001
45.919998
45.560001
46.32
45.939999
45.799999
47.73
49.110001
49.91
49.290001
47.84
48.98
49.75
50.709999
51.32
50.740002
52.189999
51.52
51.779999
51.860001
50.880001
51.169998
50.830002
51.549999
51.560001
50.830002
49.360001
52.48
51.189999
49.599998
52.080002
48.919998
49.75
49.990002
50.380001
48.790001
49.549999
51.27
51.099998
52.720001
51.860001
52.400002
53.540001
53.610001
52.220001
51.529999
51.099998
51.450001
51.380001
53.049999
52.73
51.619999
53.330002
52.310001
52.279999
52.779999
53.330002
53.630001
54.34
54.98
54.669998
54.900002
53.919998
54.639999
54.810001
53.5
54.32
54.450001
55.209999
54.75
55.439999
55.32
55.68
55.200001
57.080002
56.830002
56.529999
57.029999
55.880001
55.049999
54.52
54.82
55.029999
55.540001
55.110001
53.220001
52.93
53.459999
52.189999
52.5
50.709999
49.669998
48.759998
49.25
49.709999
50.200001
49.470001
50.75
51.369999
51.860001
52.16
51.200001
52.349998
52.220001
52.009998
51.75
51.720001
51.98
51.91
52.310001
52.18
52.43
52.16
47.68
47.689999
48.099998
48.810001
49.48
49.630001
49.299999
49.700001
49.959999
50.139999
48.849998
48.450001
48.119999
47.459999
47.169998
47.099998
46.5
47.619999
47.049999
46.98
47.66
48.349998
48.57
48.75
48.240002
48.43
47.959999
47.720001
47.259998
46.450001
46.299999
44.93
44.93
45.57
45.540001
45.419998
46.099998
46.150002
47.200001
46.66
46.91
45.91
45.700001
45.880001
47.290001
46.450001
48.099998
48.759998
48.130001
47.029999
47.029999
46.549999
44.799999
44.23
44.880001
44.529999
45.939999
45.889999
44.970001
44
45.009998
44.5
42.419998
44.310001
45.689999
45.400002
47.759998
46.880001
48.220001
47.110001
47.970001
47.25
48.720001
48.990002
48.110001
46.650002
47.389999
47.09
48.110001
48.830002
48
47.389999
47.029999
46.540001
47.450001
48.07
48.860001
47.700001
49.310001
50.130001
47.75
48.369999
46.240002
47.209999
47.380001
47.830002
48.290001
47.860001
47.080002
47.740002
45.57
45.540001
44.84
43.59
46.189999
46.360001
46.75
46.93
47.080002
44.490002
47.220001
47.439999
47.740002
48.009998
48.560001
48.93
48.349998
48.599998
48.130001
48.470001
49.189999
48.27
47.939999
49.759998
47.040001
46.709999
46.540001
47.540001
47.119999
48.73
49.220001
50.009998
49.900002
49.23
48.84
48.77
50.009998
50.470001
50.810001
51.66
51.400002
51.389999
51.41
52.490002
53.099998
53.23
53.240002
52.959999
53.299999
53.939999
53.68
52.950001
52.599998
52.48
53.349998
53.57
54.369999
53.439999
54.330002
54.099998
54.169998
53.82
54.639999
53.259998
52.779999
53.439999
53.16
53.110001
53.700001
54.509998
54.360001
55.48
55.919998
55.599998
55.68
55.32
55.75
55.799999
56.419998
56.279999
56.709999
58.560001
58.490002
58.82
58.779999
58.720001
57.610001
52.43
51.110001
51.040001
50.759998
50.549999
51.75
51.220001
50.48
49.240002
46.619999
46.200001
44.759998
45.169998
45.619999
45.529999
44.889999
43.560001
44.459999
44
44.529999
44.57
43.57
44.23
44.73
44.040001
43.459999
44.790001
44.549999
45.099998
46.029999
46.799999
46.849998
46.32
46.700001
46.189999
46.130001
47.369999
47.07
47.189999
47.459999
47.630001
46.849998
48.189999
47.459999
47.869999
48.049999
48.119999
48.52
48.080002
47.82
47.75
48.209999
48.599998
49.919998
50.119999
49.169998
49.389999
49.939999
50.27
51.349998
51.75
52.919998
52.16
51.59
52.509998
51.700001
50.549999
49.5
48.68
46.970001
46.959999
46.73
47.169998
45.98
45.599998
46.84
45.869999
45.700001
46.5
47.23
46.599998
47.150002
46.779999
44.959999
45.560001
45.790001
45.790001
46.869999
47.41
46.98
48.919998
50.099998
50.919998
51.59
51.82
52.790001
53.009998
52.540001
52.200001
51.950001
51.740002
51.57
50.720001
50.900002
49.82
51.02
50.919998
50.779999
51.529999
50.759998
49.389999
50.029999
50.919998
50.619999
49.73
50.48
51.110001
52.09
51.639999
52.650002
52.450001
51.860001
51.360001
52.130001
52.009998
51.720001
52.23
56.459999
56.759998
56.34
56.599998
56.529999
56.509998
57.610001
57.549999
57.599998
58.049999
58.27
58.349998
58.200001
57.889999
57.810001
57.959999
58.25
58.349998
57.900002
58.220001
57.610001
58.810001
58.900002
58.509998
58.049999
57.66
56.07
56.02
56.080002
56.810001
56.529999
56.59
57.07
57.549999
57.790001
57.700001
57.299999
57.169998
57.959999
58.950001
59.23
59.41
59.82
60.080002
59.619999
59.849998
60.84
60.099998
59.93
58.93
58.970001
59.299999
58.939999
59.59
59.43
58.939999
59.66
59.599998
60.549999
62.73
63.32
68.470001
65.690002
67.309998
66.330002
66.470001
63.93
64.419998
65.459999
67.339996
67.089996
66.019997
66.389999
67.410004
67.459999
67.440002
67.269997
66.139999
67.110001
65.449997
64.339996
61.759998
59.73
59.650002
55.830002
55.52
58.18
55.970001
58.68
56.959999
55.77
50.849998
53.98
51.66
45.540001
54.43
44.610001
50.080002
47.610001
45.939999
45.830002
49.580002
52.400002
51.259998
55.540001
52.369999
55.490002
54.119999
